pkt_num   RTT
3  0.000504
5  0.002584
7  0.002295
9  0.013146
11  0.013541
13  0.013872
14  0.014057
15  0.014101
16  0.014068
18  0.014003
20  0.013899
22  0.013923
24  0.014010
26  0.014096
28  0.014492
30  0.014644
32  0.014751
34  0.014719
36  0.014758
38  0.014821
40  0.014936
42  0.015033
44  0.005318
46  0.005355
48  0.005322
50  0.005398
52  0.005235
54  0.005023
56  0.004393
59  0.004111
60  0.004158
61  0.004109
62  0.004116
64  0.003883
66  0.015476
68  0.015611
70  0.015598
72  0.015675
74  0.015791
76  0.015862
78  0.015864
80  0.015983
81  0.016272
82  0.016352
83  0.016499
85  0.016057
88  0.015614
89  0.015795
90  0.015819
91  0.015801
93  0.015727
95  0.015833
97  0.004878
99  0.004860
101  0.004806
103  0.004826
105  0.004775
108  0.004600
109  0.004823
110  0.004783
111  0.005011
113  0.004722
115  0.004510
117  0.004529
119  0.004289
121  0.004251
123  0.004183
124  0.004337
125  0.004217
126  0.004177
128  0.003976
130  0.004008
132  0.004001
134  0.003860
136  0.003808
138  0.003650
140  0.003653
142  0.003795
144  0.003803
146  0.003546
148  0.003194
150  0.003229
152  0.003185
154  0.003163
156  0.003140
157  0.003133
158  0.003132
159  0.003103
161  0.002991
163  0.002946
165  0.002877
167  0.002782
169  0.002709
171  0.002696
173  0.002662
175  0.002456
177  0.002270
179  0.002367
181  0.002403
183  0.002462
185  0.002531
187  0.002603
189  0.002639
191  0.002775
193  0.003265
195  0.003235
196  0.003276
198  0.003065
199  0.003242
200  0.003230
201  0.003313
203  0.003231
205  0.003213
207  0.003213
209  0.002845
211  0.002798
212  0.002891
213  0.002753
214  0.002674
216  0.002508
218  0.002567
219  0.002566
220  0.002554
221  0.002446
224  0.002276
225  0.002548
226  0.002638
227  0.002606
229  0.002409
231  0.002328
234  0.001718
235  0.001941
236  0.002029
237  0.002026
239  0.001838
241  0.001863
243  0.002012
245  0.001960
247  0.001821
249  0.001603
251  0.001449
253  0.001486
254  0.001462
255  0.001468
256  0.001498
258  0.001398
260  0.001473
263  0.001222
264  0.001441
265  0.001418
266  0.001410
268  0.001309
270  0.001299
272  0.001175
274  0.002510
276  0.002906
278  0.002860
280  0.001749
284  0.000979
286  0.001022
287  0.001300
288  0.001292
289  0.001318
291  0.001173
293  0.001102
295  0.001033
297  0.000937
299  0.000921
301  0.000872
303  0.000982
304  0.000990
305  0.001008
306  0.001029
308  0.000920
310  0.000898
312  0.000736
314  0.000693
316  0.000675
318  0.000677
320  0.000659
322  0.002966
324  0.003284
326  0.003333
328  0.000999
330  0.000712
332  0.000659
334  0.000659
336  0.000668
338  0.000655
341  0.000459
342  0.000662
343  0.000709
344  0.000835
346  0.000760
348  0.000584
350  0.000478
352  0.000495
354  0.000505
356  0.000429
358  0.000508
360  0.000476
362  0.000451
364  0.000475
366  0.000480
368  0.000472
370  0.000481
372  0.000472
374  0.000452
377  0.000429
378  0.000556
379  0.000626
381  0.000537
383  0.000347
385  0.000384
387  0.000488
389  0.000471
391  0.000443
393  0.000501
395  0.000483
397  0.000449
399  0.000473
401  0.000501
403  0.000474
405  0.000496
407  0.000440
409  0.000450
410  0.000605
411  0.000799
413  0.000539
415  0.000552
416  0.000532
417  0.000647
418  0.000733
420  0.000493
422  0.000558
423  0.000607
424  0.000709
425  0.000803
427  0.000503
429  0.000641
430  0.000739
431  0.000928
432  0.001087
434  0.000732
436  0.000643
438  0.000631
440  0.000594
442  0.000566
444  0.000610
446  0.000615
447  0.000715
448  0.000753
449  0.000857
451  0.000613
453  0.000587
456  0.000577
457  0.000713
458  0.000788
460  0.000674
462  0.000599
464  0.000521
465  0.000820
466  0.000783
469  0.000385
470  0.000661
472  0.000519
474  0.000594
476  0.000614
478  0.000627
480  0.000633
482  0.000578
484  0.000604
486  0.000603
488  0.000569
491  0.000539
492  0.004567
493  0.004653
495  0.004556
497  0.000608
499  0.000576
501  0.000563
503  0.000571
505  0.000542
510  0.000917
512  0.000459
514  0.000609
516  0.000592
518  0.000597
520  0.000555
522  0.000939
524  0.000837
526  0.000589
528  0.000566
530  0.000558
532  0.000573
534  0.000599
536  0.000562
538  0.000531
541  0.000462
542  0.000669
543  0.000778
545  0.000660
547  0.000396
549  0.000537
551  0.000654
553  0.000616
555  0.000574
557  0.000560
559  0.000594
561  0.000588
563  0.000546
565  0.000562
567  0.000619
568  0.000755
569  0.000788
571  0.000664
572  0.000816
573  0.000671
575  0.000721
577  0.000546
580  0.000480
581  0.000587
582  0.000688
584  0.000576
585  0.000716
586  0.000719
588  0.000628
590  0.000609
592  0.000615
594  0.000593
596  0.000566
598  0.000553
600  0.000466
602  0.000563
605  0.000489
606  0.000640
607  0.000741
609  0.000595
611  0.000574
613  0.000602
615  0.000630
617  0.000621
619  0.000581
621  0.000585
623  0.000605
625  0.000610
627  0.000592
629  0.000598
631  0.000601
633  0.000590
636  0.000514
637  0.000656
638  0.000733
641  0.000421
642  0.000666
644  0.000459
646  0.000596
648  0.000554
650  0.000554
652  0.000591
654  0.000613
656  0.000572
658  0.000577
660  0.000579
662  0.000619
664  0.000643
666  0.000596
668  0.000535
670  0.000535
673  0.000477
674  0.000627
675  0.000747
677  0.000612
679  0.000569
681  0.000570
683  0.000573
685  0.000600
687  0.000619
689  0.000601
691  0.000544
693  0.000524
695  0.001310
696  0.001634
697  0.001820
698  0.001986
700  0.000737
702  0.000478
704  0.000468
706  0.000440
708  0.000318
710  0.000465
712  0.000564
716  0.000256
717  0.000637
719  0.000499
721  0.000488
723  0.000583
725  0.000533
727  0.000508
729  0.000582
731  0.000519
732  0.000817
734  0.000532
735  0.000755
736  0.000762
738  0.000604
740  0.000584
742  0.000581
744  0.000586
746  0.001231
748  0.001186
750  0.000515
752  0.000550
754  0.000553
756  0.000500
758  0.000481
760  0.000506
762  0.000569
764  0.000519
766  0.000461
768  0.000483
770  0.000483
772  0.000466
774  0.000497
776  0.000479
778  0.000463
780  0.000545
782  0.000567
784  0.000493
786  0.000431
788  0.000479
790  0.000478
792  0.000507
794  0.000469
796  0.000446
798  0.000494
800  0.000502
802  0.000465
804  0.000479
806  0.000475
808  0.000468
810  0.000521
812  0.000510
814  0.000473
816  0.000522
818  0.000494
820  0.000473
822  0.000510
824  0.000481
826  0.000463
828  0.000480
830  0.000477
832  0.000962
834  0.001069
837  0.000431
838  0.000648
840  0.000494
842  0.000590
844  0.000564
846  0.000557
848  0.000560
850  0.001172
852  0.001147
854  0.000491
856  0.000470
858  0.000490
860  0.000473
861  0.000623
862  0.000677
863  0.000780
865  0.000536
867  0.000494
869  0.000489
871  0.000510
873  0.000504
875  0.000465
877  0.000545
879  0.000531
881  0.000461
883  0.000490
885  0.000514
887  0.000550
889  0.000522
891  0.000476
893  0.000456
895  0.000508
897  0.000512
899  0.000394
901  0.000317
902  29.002262
