pkt_num   RTT (seconds)
2  0.126011
4  0.102707
7  0.101234
9  0.100639
11  0.101021
13  0.101402
15  0.101704
17  0.102119
19  0.102631
21  0.102859
24  0.103123
25  0.103428
26  0.103634
27  0.103870
29  0.103985
30  0.104446
31  0.104633
32  0.104805
34  0.104782
36  0.104912
38  0.105160
40  0.105396
41  0.105572
42  0.105774
43  0.106125
45  0.100899
47  0.100842
49  0.100555
51  0.100647
53  0.100491
55  0.100487
57  0.100552
59  0.100471
61  0.100761
63  0.100998
64  0.101185
65  0.101391
66  0.101414
68  0.101509
70  0.101624
72  0.101814
74  0.101795
76  0.102013
78  0.101994
79  0.102314
80  0.102409
81  0.102516
83  0.102509
85  0.102482
87  0.102413
89  0.102497
91  0.102535
93  0.102547
95  0.102673
97  0.102715
99  0.102875
101  0.102856
103  0.103027
105  0.103058
107  0.103077
109  0.103039
111  0.103111
114  0.100574
115  0.100792
116  0.100590
117  0.101097
119  0.101032
121  0.100822
123  0.100719
125  0.100533
126  0.100533
127  0.100636
128  0.100677
130  0.100723
132  0.100719
134  0.100735
136  0.100769
138  0.100788
140  0.100590
142  0.100567
144  0.100574
145  0.100986
146  0.101082
148  0.101093
149  0.101463
150  0.101753
151  0.101974
154  0.101906
155  0.102409
157  0.102303
158  0.102333
159  0.102371
160  0.102448
162  0.102352
164  0.102341
166  0.102348
167  0.102470
168  0.102440
169  0.102577
171  0.102558
173  0.100452
176  0.100468
179  0.100761
180  0.100853
181  0.100704
182  0.100727
184  0.100597
186  0.100399
189  0.100388
190  0.100525
191  0.100513
192  0.100708
194  0.100769
196  0.100773
198  0.100803
200  0.100754
202  0.100796
204  0.100647
206  0.100487
208  0.100483
210  0.100395
212  0.100739
213  0.100906
214  0.101105
215  0.101391
217  0.101326
219  0.101254
221  0.101471
223  0.101482
226  0.101112
227  0.101257
228  0.102283
229  0.101295
231  0.101463
233  0.101089
236  0.100571
237  0.100452
238  0.100403
241  0.100880
242  0.100887
243  0.100693
245  0.100426
247  0.100376
249  0.100384
251  0.100365
253  0.100502
255  0.100471
257  0.100372
259  0.100399
261  0.100372
263  0.100380
265  0.100498
267  0.100388
269  0.100418
271  0.100376
273  0.100552
275  0.100624
277  0.100639
279  0.100418
281  0.100338
284  0.100368
285  0.100422
287  0.100456
288  0.100437
289  0.100510
290  0.100460
291  0.126148
294  0.100731
296  0.101334
298  0.101532
300  0.101334
302  0.100906
304  0.100517
306  0.100426
308  0.100914
310  0.100655
312  0.100624
315  0.100361
316  0.100784
317  0.100872
318  0.100826
320  0.100731
322  0.100407
324  0.100410
326  0.100418
328  0.100803
330  0.100498
332  0.100414
334  0.100704
336  0.100883
338  0.101063
340  0.101231
342  0.100601
344  0.100533
346  0.100544
348  0.100422
350  0.100513
352  0.100407
354  0.100403
356  0.100403
358  0.100491
360  0.100784
362  0.100708
364  0.100658
366  0.100403
368  0.100666
369  0.100658
370  0.100647
371  0.100769
373  0.100513
375  0.100594
377  0.100529
379  0.101345
381  0.101219
384  0.101120
385  0.101170
387  0.100471
388  0.100624
389  0.100479
390  0.100578
392  0.100346
394  0.100414
396  0.100395
398  0.100346
400  0.100357
403  0.100452
404  0.100719
405  0.100491
406  0.100536
408  0.100437
411  0.100731
412  0.100773
413  0.100609
414  0.100651
415  0.126732
417  0.100887
419  0.100929
421  0.100990
424  0.100483
425  0.100582
426  0.100746
427  0.100651
429  0.100349
431  0.100430
432  0.100601
433  0.100418
435  0.100384
438  0.100483
439  0.100491
440  0.100422
441  0.100498
443  0.100391
445  0.100727
447  0.100780
449  0.100674
451  0.100925
453  0.100601
455  0.100571
457  0.100552
459  0.100506
461  0.100456
463  0.100372
465  0.100380
467  0.100407
469  0.100334
472  0.100433
473  0.100513
474  0.100468
475  0.100452
477  0.100433
479  0.100574
481  0.100937
483  0.101410
485  0.101402
487  0.100449
489  0.100403
491  0.100601
493  0.100582
495  0.100525
497  0.100380
499  0.100418
501  0.100471
503  0.100513
505  0.100563
507  0.100422
509  0.100483
510  0.126305
512  0.100723
514  0.100849
516  0.100708
518  0.100700
519  0.100754
520  0.100826
521  0.100971
523  0.100853
525  0.100460
527  0.100533
529  0.100578
531  0.100605
533  0.100506
535  0.100441
537  0.100426
539  0.101017
540  0.101593
541  0.101669
542  0.101822
544  0.101295
546  0.101192
548  0.101086
550  0.101048
552  0.100346
554  0.100418
556  0.100479
558  0.100388
560  0.100372
561  0.126228
563  0.100716
565  0.100449
567  0.100414
569  0.100464
571  0.100410
573  0.100494
575  0.100609
577  0.100540
579  0.100586
581  0.100842
582  0.100956
583  0.100601
584  0.100716
586  0.100819
588  0.100689
590  0.100605
592  0.100597
594  0.100620
596  0.100658
598  0.100708
599  0.100758
600  0.100914
601  0.100567
603  0.100544
605  0.100475
607  0.100342
609  0.100506
610  0.101013
611  0.101166
612  0.101406
614  0.101185
616  0.101109
618  0.100941
620  0.100456
622  0.100414
624  0.100407
626  0.100517
628  0.100628
629  0.126476
631  0.100754
633  0.100712
635  0.100700
637  0.100750
639  0.100441
641  0.100437
643  0.100529
644  0.100647
646  0.100544
647  0.101131
648  0.101273
649  0.101002
650  0.126499
652  0.101067
654  0.100952
656  0.100925
658  0.101032
660  0.100487
662  0.100452
664  0.100346
666  0.100605
667  0.132526
668  0.126648
670  0.100750
672  0.100975
674  0.100967
676  0.100914
678  0.100910
680  0.100410
682  0.100422
683  0.100582
684  0.100758
685  0.100979
686  0.126072
688  0.100891
690  0.100670
692  0.100822
694  0.100792
696  0.100822
698  0.100697
701  0.100792
702  0.100830
703  0.100750
704  0.100594
706  0.100845
707  0.100853
708  0.100967
709  0.100983
711  0.100906
713  0.100468
715  0.100666
717  0.100536
719  0.100670
720  0.125954
722  0.100697
724  0.100613
726  0.100616
728  0.100468
730  0.100761
731  0.100578
732  0.100727
734  0.100887
735  0.101063
736  0.100994
737  0.101112
739  0.101124
741  0.100807
743  0.100609
745  0.100674
747  0.100697
749  0.100533
751  0.104343
753  0.100349
755  0.100555
757  0.100548
759  0.100986
761  0.101891
763  0.100853
765  0.100681
767  0.100666
768  0.126740
770  0.100891
772  0.100517
774  0.100727
776  0.100811
778  0.100498
779  0.126453
781  0.100647
782  0.102978
783  0.100769
784  0.100849
786  0.100498
788  0.100842
790  0.100857
792  0.100700
793  0.100838
794  0.101021
795  0.100662
797  0.100777
799  0.100803
801  0.100834
803  0.100670
805  0.100857
807  0.100693
809  0.100552
811  0.101883
813  0.100677
815  0.100842
817  0.100441
819  0.100796
821  0.100868
823  0.100765
824  0.126255
826  0.100826
828  0.100777
830  0.100403
832  0.100887
833  0.100986
834  0.100979
835  0.101097
837  0.100842
839  0.100838
841  0.100731
843  0.100849
844  0.126019
846  0.100872
847  0.101048
849  0.100868
850  0.100788
851  0.101040
853  0.100914
854  0.100903
855  0.101044
856  0.100735
858  0.100796
859  0.100746
860  0.100723
861  0.100624
863  0.100830
864  0.126816
865  0.126328
867  0.100445
869  0.100864
871  0.100510
873  0.100842
874  0.126339
875  0.126030
877  0.100479
879  0.100811
881  0.100857
883  0.100803
885  0.100838
887  0.100723
889  0.100689
891  0.100838
893  0.100750
895  0.100811
897  0.100941
899  0.101055
900  0.101227
901  0.101185
902  0.108059
904  0.100960
906  0.101063
908  0.100628
910  0.100788
912  0.100700
914  0.100887
916  0.100769
918  0.100914
920  0.100773
922  0.100876
924  0.100723
925  0.126728
927  0.100571
929  0.100716
932  0.100826
933  0.100792
934  0.102375
935  0.100914
936  0.126156
938  0.100780
940  0.100708
942  0.100788
945  0.100803
946  0.100945
947  0.100807
948  0.100655
950  0.100590
952  0.100563
954  0.100857
955  0.127125
957  0.100883
959  0.100578
961  0.100632
963  0.101002
964  0.126503
966  0.100571
967  0.133953
969  0.100929
971  0.100746
973  0.100761
975  0.100819
977  0.100723
979  0.100784
981  0.100739
983  0.100651
985  0.100651
987  0.100903
989  0.100800
990  0.126930
992  0.101067
994  0.100822
996  0.100842
998  0.100842
1000  0.100792
1002  0.101070
1004  0.100830
1006  0.100834
1009  0.100674
1010  0.100742
1011  0.100883
1012  0.100864
1014  0.100956
1016  0.100868
1018  0.100594
1020  0.100845
1022  0.100868
1024  0.100742
1026  0.100502
1028  0.100727
1030  0.100780
1032  0.100754
1034  0.100712
1036  0.100677
1038  0.100674
1040  0.100742
1042  0.100899
1043  0.100906
1044  0.100895
1045  0.100895
1046  0.126137
1048  0.100807
1051  0.100826
1052  0.101021
1053  0.100769
1054  0.101051
1056  0.100750
1058  0.100845
1060  0.100811
1062  0.100822
1064  0.100513
1065  0.125896
1067  0.100712
1069  0.100704
1071  0.100857
1073  0.100861
1075  0.100746
1078  0.100719
1079  0.100891
1080  0.102703
1081  0.100800
1083  0.100731
1085  0.100773
1087  0.100647
1089  0.100796
1091  0.100807
1093  0.100826
1095  0.100784
1097  0.100681
1099  0.100513
1101  0.100742
1103  0.100807
1104  0.126480
1106  0.100758
1108  0.100929
1110  0.100739
1111  0.126728
1113  0.100967
1115  0.101116
1116  0.126621
1118  0.100525
1120  0.100403
1122  0.100582
1123  0.125778
1125  0.100666
1127  0.100719
1129  0.100807
1131  0.100922
1133  0.100769
1135  0.100555
1137  0.100700
1139  0.100597
1140  0.100666
1141  0.100674
1143  0.100624
1144  0.101288
1145  0.100929
1146  0.100807
1148  0.100716
1151  0.100998
1153  0.101543
1154  0.102291
1155  0.102406
1156  0.102512
1158  0.100574
1160  0.100912
1162  0.100846
1164  0.100757
1166  0.100410
1168  0.100747
1170  0.100447
1171  0.126379
1172  0.126651
1174  0.100774
1175  0.100788
1176  0.100886
1177  0.100534
1179  0.100380
1181  0.100662
1183  0.100481
1184  0.100649
1185  0.100879
1186  0.100944
1188  0.100531
1191  0.100410
1193  0.100608
1195  0.100427
1197  0.100548
1198  0.126819
1200  0.100753
1203  0.100547
1204  0.100721
1206  0.100825
1207  0.100563
1208  0.100678
1209  0.100930
1210  0.126189
1212  0.100968
1213  0.101080
1214  0.101209
1215  0.100955
1217  0.100909
1219  0.100700
1220  0.100738
1221  0.100554
1222  0.100627
1224  0.100628
1228  0.100543
1229  0.100678
1230  0.100701
1231  0.100612
1233  0.100388
1235  0.100607
1237  0.100855
1239  0.100702
1241  0.100554
1243  0.100353
1245  0.100550
1247  0.100726
1249  0.100727
1251  0.100715
1253  0.101165
1254  0.100571
1255  0.100670
1256  0.101061
1258  0.100915
1260  0.100698
1262  0.100453
1264  0.100412
1266  0.100831
1268  0.100944
1270  0.100604
1272  0.100425
1274  0.100774
1275  0.104681
1276  0.100834
1277  0.100842
1279  0.100773
1282  0.100847
1283  0.100780
1284  0.100785
1285  0.100779
1287  0.100871
1288  0.101000
1289  0.100986
1290  0.100631
1291  0.126689
1293  0.100701
1295  0.100725
1296  0.126534
1297  0.126689
1299  0.100727
1301  0.100644
1302  0.126351
1303  0.126771
1304  0.126832
1307  0.100828
1308  0.100970
1309  0.100772
1310  0.100859
1311  0.126658
1313  0.100626
1315  0.100900
1317  0.105639
1319  0.100880
1321  0.100736
1322  0.103750
1323  0.100832
1324  0.103290
1326  0.100699
1328  0.100882
1329  0.126822
1331  0.100832
1334  0.100663
1335  0.100803
1336  0.100789
1337  0.102350
1339  0.100747
1340  0.126536
1342  0.100731
1344  0.100891
1346  0.100792
1348  0.100789
1350  0.100687
1352  0.100734
1354  0.100858
1356  0.100827
1358  0.100805
1359  0.126210
1361  0.100687
1363  0.100885
1365  0.100774
1367  0.100757
1369  0.100801
1370  0.126736
1372  0.106214
1373  0.107664
1375  0.100818
1376  0.101095
1377  0.100823
1378  0.100956
1380  0.100798
1383  0.100758
1385  0.100813
1387  0.100634
1389  0.100867
1390  0.100961
1392  0.100914
1393  0.100841
1394  0.100949
1395  0.100735
1397  0.100796
1398  0.100816
1399  0.100940
1400  0.100934
1402  0.100798
1404  0.100730
1405  0.126162
1407  0.100716
1408  0.126373
1410  0.100918
1412  0.104558
1413  0.100898
1414  0.100948
1415  0.101064
1417  0.100871
1419  0.100762
1421  0.100696
1423  0.100860
1424  0.102491
1425  0.100824
1426  0.100848
1428  0.100851
1430  0.100784
1432  0.100885
1434  0.103150
1436  0.101148
1438  0.100793
1440  0.100543
1442  0.100716
1443  0.126398
1445  0.100665
1447  0.100418
1449  0.100817
1451  0.102093
1453  0.100670
1455  0.100594
1457  0.100792
1458  0.126676
1460  0.100387
1462  0.100392
1464  0.100376
1466  0.100773
1468  0.100979
1470  0.100587
1472  0.100654
1474  0.100519
1476  0.100678
1478  0.100771
1480  0.100730
1482  0.100773
1484  0.100692
1486  0.100538
1488  0.100787
1490  0.101716
1492  0.100759
1494  0.100799
1496  0.100651
1498  0.100516
1500  0.100896
1502  0.101066
1504  0.100628
1506  0.100854
1508  0.100892
1510  0.100661
1512  0.100549
1514  0.100760
1516  0.100731
1520  0.100790
1521  0.100955
1522  0.100997
1523  0.101127
1525  0.100735
1527  0.100543
1529  0.100866
1531  0.100893
1532  0.100999
1533  0.100868
1534  0.101154
1536  0.101169
1538  0.100517
1539  0.126013
1541  0.100878
1543  0.100747
1545  0.100936
1547  0.100877
1549  0.100607
1551  0.100524
1553  0.100801
1555  0.100620
1557  0.100730
1559  0.100633
1561  0.100667
1563  0.100700
1565  0.100671
1567  0.100803
1569  0.100939
1571  0.100871
1573  0.100915
1575  0.100851
1577  0.100604
1579  0.100587
1580  0.126697
1582  0.100759
1583  0.126056
1585  0.101037
1586  0.101136
1587  0.101035
1588  0.101073
1590  0.100972
1592  0.100547
1594  0.100628
1595  0.125948
1596  0.125953
1598  0.100782
1601  0.100806
1602  0.102723
1603  0.100759
1604  0.100869
1606  0.100615
1608  0.100960
1610  0.100834
1611  0.126506
1613  0.100534
1615  0.100530
1617  0.100524
1619  0.100596
1620  0.126164
1622  0.100726
1623  0.100720
1624  0.100749
1625  0.100651
1627  0.100546
1629  0.100672
1631  0.100679
1633  0.100700
1635  0.100711
1636  0.104154
1637  0.100652
1638  0.100739
1640  0.100660
1642  0.100720
1644  0.100900
1645  0.100701
1646  0.100752
1647  0.100768
1649  0.100715
1650  0.126790
1652  0.100741
1654  0.100688
1656  0.100719
1657  0.126558
1658  0.126796
1660  0.100704
1662  0.100618
1664  0.100622
1666  0.100785
1667  0.100943
1668  0.100959
1669  0.101094
1671  0.101010
1673  0.100977
1675  0.100567
1677  0.100729
1679  0.100817
1681  0.100822
1683  0.100738
1684  0.126814
1686  0.100870
1688  0.100906
1690  0.100921
1692  0.100898
1694  0.100915
1696  0.100952
1698  0.100969
1699  0.126594
1701  0.100718
1702  0.126686
1704  0.100751
1706  0.100760
1708  0.100874
1710  0.100754
1712  0.100758
1713  0.126066
1715  0.100682
1717  0.100766
1718  0.100777
1719  0.100799
1720  0.100898
1721  0.126059
1723  0.100616
1725  0.100739
1727  0.100775
1729  0.100995
1731  0.100837
1732  0.100628
1733  0.100787
1734  0.100783
1736  0.100688
1739  0.100623
1740  0.100862
1741  0.100869
1742  0.100793
1744  0.100539
1746  0.100932
1748  0.100766
1750  0.100765
1752  0.100652
1753  0.126557
1755  0.100745
1757  0.100801
1759  0.100851
1761  0.111436
1762  0.126008
1765  0.100890
1767  0.100867
1768  0.101046
1769  0.100698
1770  0.100867
1772  0.100914
1774  0.100692
1776  0.100771
1778  0.100478
1780  0.100531
1782  0.100770
1784  0.100823
1786  0.100721
1788  0.100769
1789  0.126578
1791  0.100764
1793  0.100853
1795  0.100705
1797  0.100690
1799  0.100924
1800  0.100942
1801  0.100980
1802  0.100738
1804  0.100782
1806  0.100824
1807  0.126053
1809  0.100681
1810  0.126245
1814  0.100799
1815  0.100981
1816  0.101044
1817  0.100604
1818  0.125921
1820  0.100763
1821  0.126096
1823  0.100823
1825  0.100843
1827  0.100888
1829  0.100854
1831  0.100772
1833  0.100840
1835  0.100884
1837  0.100768
1840  0.100718
1841  0.100787
1842  0.100854
1843  0.100806
1844  0.125941
1846  0.100865
1848  0.100889
1850  0.101057
1851  0.126486
1853  0.100748
1855  0.100811
1857  0.100814
1858  0.126563
1860  0.100692
1862  0.100739
1864  0.100762
1866  0.100767
1868  0.100958
1869  0.126282
1871  0.100734
1873  0.100577
1875  0.100604
1877  0.100717
1878  0.125832
1880  0.100885
1882  0.100829
1884  0.100872
1885  0.126814
1887  0.100854
1889  0.100940
1891  0.100760
1893  0.100740
1895  0.100635
1897  0.100785
1899  0.100859
1901  0.100821
1903  0.100904
1905  0.100755
1906  0.100793
1907  0.100974
1908  0.100839
1910  0.103417
1912  0.100761
1914  0.100687
1916  0.100739
1918  0.100552
1920  0.100493
1921  0.125978
1923  0.100802
1925  0.100810
1927  0.100709
1929  0.100714
1930  0.100705
1931  0.100796
1932  0.100821
1934  0.100821
1936  0.100775
1937  0.126110
1939  0.100648
1941  0.100504
1943  0.100533
1945  0.100774
1947  0.100714
1949  0.100757
1951  0.100866
1953  0.100485
1954  0.128250
1956  0.100593
1958  0.100764
1960  0.100783
1962  0.100410
1963  0.125829
1964  0.126436
1966  0.100749
1968  0.100764
1970  0.100880
1972  0.100768
1974  0.100751
1975  0.126008
1977  0.100781
1979  0.100660
1981  0.100886
1983  0.100589
1985  0.100584
1986  0.126604
1988  0.100711
1991  0.100973
1992  0.101155
1993  0.100865
1994  0.101294
1996  0.100607
1998  0.100674
1999  0.125978
2001  0.100517
2003  0.100717
2005  0.100765
2007  0.100514
2009  0.100675
2011  0.100820
2013  0.100617
2015  0.100821
2017  0.100686
2019  0.100544
2020  0.126595
2022  0.100719
2024  0.100851
2027  0.100801
2028  0.100818
2029  0.103719
2030  0.100785
2032  0.100697
2033  0.126121
2035  0.100744
2037  0.100742
2039  0.100659
2041  0.100855
2043  0.100587
2046  0.100827
2047  0.100762
2048  0.100702
2049  0.100769
2051  0.100726
2053  0.100812
2054  0.100577
2055  0.100725
2056  0.100793
2058  0.100910
2060  0.100686
2062  0.105980
2063  0.105991
2064  0.100709
2065  0.100892
2067  0.100662
2070  0.100881
2071  0.100819
2072  0.100863
2073  0.100821
2074  0.130283
2076  0.100751
2078  0.100644
2080  0.100804
2081  0.126878
2083  0.100878
2085  0.100739
2086  0.126331
2088  0.100780
2090  0.100811
2092  0.100749
2094  0.100778
2096  0.100761
2097  0.126654
2099  0.100700
2102  0.100838
2103  0.101273
2104  0.100739
2105  0.100907
2107  0.100714
2109  0.100713
2111  0.101337
2113  0.100600
2114  0.126295
2116  0.100792
2118  0.100758
2120  0.100423
2122  0.100770
2124  0.100648
2126  0.100385
2129  0.100710
2130  0.101026
2131  0.101170
2132  0.100785
2133  0.126765
2135  0.101328
2136  0.126046
2140  0.100876
2141  0.101007
2142  0.100699
2144  0.100936
2145  0.100651
2146  0.100679
2147  0.100691
2149  0.100589
2150  0.125950
2152  0.100718
2154  0.100619
2156  0.100844
2158  0.100635
2160  0.100603
2162  0.100555
2164  0.100748
2166  0.100723
2168  0.100908
2169  0.126150
2171  0.100553
2172  0.126745
2174  0.100827
2176  0.100773
2178  0.100765
2180  0.100933
2181  0.126741
2183  0.100742
2185  0.100659
2187  0.100788
2189  0.101014
2191  0.101038
2193  0.100918
2195  0.100707
2197  0.100807
2199  0.100919
2200  0.101180
2201  0.101192
2202  0.101299
2204  0.100752
2206  0.100752
2208  0.100904
2210  0.100855
2212  0.100877
2214  0.100735
2215  0.126659
2217  0.100839
2219  0.100689
2221  0.100773
2223  0.100775
2224  0.126566
2226  0.100740
2228  0.100882
2230  0.100811
2232  0.100906
2235  0.100748
2236  0.100808
2237  0.100865
2238  0.101053
2240  0.100813
2242  0.115123
2244  0.115132
2246  0.115139
2248  0.103012
2250  0.100945
2252  0.100904
2254  0.100946
2256  0.101142
2258  0.100851
2259  0.102592
2260  0.100893
2261  0.101008
2263  0.100755
2265  0.100760
2266  0.125935
2268  0.100766
2270  0.100570
2272  0.100667
2274  0.100859
2276  0.100753
2277  0.126682
2279  0.100792
2281  0.100776
2283  0.100717
2285  0.100746
2287  0.100796
2289  0.100698
2290  0.125952
2292  0.100861
2294  0.100758
2296  0.100965
2298  0.100694
2300  0.100985
2302  0.100994
2304  0.100841
2306  0.100939
2307  0.126955
2309  0.100698
2312  0.100736
2313  0.100759
2314  0.100863
2315  0.100751
2317  0.100757
2319  0.100741
2321  0.100829
2322  0.126383
2324  0.100686
2325  0.100695
2326  0.100753
2327  0.100789
2329  0.100709
2331  0.100860
2333  0.100558
2335  0.100929
2337  0.101064
2339  0.100594
2341  0.100627
2343  0.100926
2345  0.100666
2347  0.100725
2349  0.100789
2351  0.100556
2352  0.126242
2354  0.100758
2356  4.744576
2358  4.757186
2360  4.757446
2362  -9462653914556504473600.000000
2364  -9462653914556504473600.000000
2366  -9457770886660528013312.000000
2368  -9457770886660528013312.000000
2370  -9457770886660528013312.000000
2372  -9457770886660528013312.000000
2374  12.873422
2376  -279467039779918446592.000000
2378  -279467039779918446592.000000
2380  -279467039779918446592.000000
2382  12.964248
2384  -14991.839844
2386  -70062400323811004121088.000000
2388  -4462501531082927695789740261376.000000
2391  -69474189680079771009024.000000
2392  -69474189680079771009024.000000
2393  -69474189680079771009024.000000
2394  -69474189680079771009024.000000
2396  13.064890
2398  13.074653
2400  13.074931
2402  13.066792
2404  -196126593639612879470592.000000
2406  -70062400323811004121088.000000
2407  -70062400323811004121088.000000
2409  -3563568625174009872384.000000
2411  -279324138452679655424.000000
2413  -65901932.000000
2415  -68311035997119538266112.000000
2417  -3568612656756664827904.000000
2419  13.199413
2421  13.237670
2423  13.276683
2425  -73029849139883188158464.000000
2427  -3568612656756664827904.000000
2429  13.276757
2430  13.276946
2431  13.300368
2432  13.302676
2434  13.338581
2436  13.377628
2438  -252745629696.000000
2440  -68306424311101110878208.000000
2442  -45100261869355008.000000
2444  -279468007350150889472.000000
2446  13.439810
2448  -252745629696.000000
2450  -68306424311101110878208.000000
2452  -279468535115732221952.000000
2454  13.491039
2455  13.491296
2456  13.540664
2457  13.543582
2459  -252745629696.000000
2461  -68306424311101110878208.000000
2463  13.591788
2465  -20246633968412029333778211328153878528.000000
2466  13.624725
2469  -1095082759754946183168.000000
2470  -1095082759754946183168.000000
2471  -1095082759754946183168.000000
2472  -1095082759754946183168.000000
2474  13.693356
2476  13.693563
2477  13.750998
2479  -235340876184058593280.000000
2481  -72705935181894236318253648445440.000000
2483  13.794132
2484  -265898142492289042219008.000000
2485  -189099825299410298863616.000000
2487  0.100739
2489  0.100660
2491  0.100718
2492  0.127065
2494  -189099825299410298863616.000000
2495  -189099825299410298863616.000000
2496  -189099825299410298863616.000000
2497  -189099825299410298863616.000000
2499  -70062400323811004121088.000000
2500  -70062400323811004121088.000000
2501  -70062400323811004121088.000000
2502  -70062400323811004121088.000000
2504  -3563568625174009872384.000000
2506  -16015.241211
2508  -274885706340885075008159744.000000
2510  0.100819
2512  0.100904
2514  0.100711
2516  0.100879
2518  0.100821
2520  0.100934
2522  0.100708
2524  0.100837
2526  0.100791
2528  0.100885
2530  0.101275
2531  0.127294
2533  0.100817
2535  0.100935
2537  0.101066
2539  0.100819
2541  0.100914
2543  0.100960
2545  6.588286
2546  6.588570
2547  6.588750
2548  6.588846
2550  0.111098
2552  0.100752
2554  0.100798
2555  0.126828
2557  0.100794
2559  0.100621
2560  0.125952
2561  0.100764
2563  0.100772
2564  0.103987
2566  0.100852
2567  0.101130
2569  0.101066
2570  0.100826
2571  0.100989
2572  0.100710
2574  0.115079
2576  0.100874
2578  0.100911
2580  0.100855
2582  0.102517
2584  0.100928
2586  0.100858
2587  0.126704
2589  0.100733
2591  0.100650
2593  0.100772
2595  0.100776
2596  0.125845
2598  0.100762
2600  0.100675
2601  0.126670
2603  0.100708
2605  0.100755
2607  0.100879
2609  0.100831
2611  0.100599
2612  0.105158
2613  0.100835
2614  0.103151
2616  0.100615
2618  0.100739
2619  0.126285
2621  0.100756
2623  0.100564
2624  0.126807
2626  0.100812
2628  0.100812
2629  0.125785
2631  0.100844
2633  0.100852
2634  0.126890
2636  0.100794
2637  0.100805
2638  0.100885
2639  0.100810
2641  0.100731
2643  0.100704
2644  0.126221
2646  0.100667
2648  0.115448
2650  0.100860
2651  0.125968
2653  0.100656
2654  0.100734
2655  0.100624
2656  0.100776
2658  0.100762
2660  0.100865
2662  0.100684
2664  0.131604
2666  0.100722
2668  0.100876
2671  0.100694
2672  0.100783
2673  0.100835
2674  0.100859
2676  0.100703
2678  0.100732
2680  0.100860
2681  0.100924
2682  0.101048
2683  0.100864
2685  0.100883
2686  0.100918
2687  0.100922
2688  0.100769
2690  0.100821
2692  0.100771
2693  0.126829
2694  0.126762
2696  0.100620
2698  0.100790
2700  0.100773
2702  0.100857
2703  0.104328
2704  0.100851
2705  0.102249
2707  0.100849
2709  0.100760
2711  0.100834
2713  0.100863
2715  0.100803
2717  0.100758
2719  0.100788
2720  0.126703
2722  0.100815
2724  0.100672
2726  0.100716
2727  0.125832
2728  0.126682
2730  0.100687
2732  0.100779
2734  0.100750
2736  0.103935
2737  0.126871
2739  0.100632
2741  0.100672
2743  0.100971
2745  0.101162
2746  0.126251
2748  0.100712
2750  0.100891
2752  0.100792
2754  0.100969
2756  0.100956
2757  0.126493
2759  0.100752
2760  0.101078
2761  0.100986
2762  0.101007
2765  0.100616
2766  0.100843
2767  0.100866
2768  0.100985
2770  0.100721
2772  0.100845
2774  0.100880
2776  0.100758
2778  0.100832
2780  0.100702
2782  0.100847
2783  0.126612
2785  0.100750
2787  0.100828
2788  0.100737
2789  0.100819
2790  0.100929
2792  0.100925
2793  0.126221
2795  0.100679
2796  0.100803
2797  0.100889
2798  0.100809
2800  0.100571
2801  0.126722
2803  0.100794
2805  0.100578
2807  0.100529
2809  0.100719
2810  0.126472
2812  0.100794
2814  0.100592
2816  0.100550
2818  0.100773
2820  0.100908
2821  0.126635
2823  0.100685
2825  0.100433
2827  0.100794
2828  0.126759
2830  0.100803
2832  0.100803
2834  0.100622
2836  0.100573
2838  0.100735
2840  0.100639
2841  0.125772
2843  0.100716
2845  0.100914
2847  0.100607
2849  0.100721
2851  0.100763
2853  0.100866
2855  0.100658
2857  0.100788
2859  0.100590
2861  0.100792
2863  0.100681
2865  0.100630
2867  0.100836
2868  0.126043
2870  0.100544
2872  0.100822
2874  0.100571
2876  0.100719
2878  0.100744
2880  0.102873
2882  0.100666
2884  0.100811
2886  0.100796
2888  0.101231
2890  0.100706
2891  0.100771
2892  0.100899
2893  0.100563
2895  0.100565
2897  0.100924
2899  0.100983
2901  0.100775
2903  0.100822
2905  0.100687
2907  0.100714
2909  0.100744
2911  0.100739
2913  0.100763
2915  0.100712
2917  0.100822
2919  0.100683
2921  0.100605
2923  0.100695
2924  0.126598
2926  0.100809
2928  0.100821
2930  0.100826
2931  0.126625
2933  0.100622
2934  0.100760
2935  0.100779
2936  0.100784
2938  0.100632
2940  0.101812
2942  0.100811
2944  0.100954
2946  0.100956
2948  0.100582
2950  0.100780
2951  0.126348
2953  0.100908
2955  0.100912
2957  0.100872
2958  0.125814
2960  0.100374
2962  0.100540
2963  0.126699
2965  0.100611
2967  0.100657
2969  0.100647
2971  0.100742
2975  0.100857
2976  0.101133
2977  0.100851
2978  0.100756
2981  0.100578
2982  0.100739
2983  0.100889
2984  0.101065
2986  0.101242
2988  0.100863
2991  0.100832
2992  0.103399
2993  0.100658
2994  0.100672
2996  0.100586
2998  0.100567
2999  0.100800
3000  0.100790
3001  0.101755
3003  0.100895
3004  0.103155
3005  0.100700
3006  0.100632
3008  0.100798
3010  0.100880
3012  0.100609
3014  0.100712
3016  0.100393
3018  0.100933
3020  0.100718
3022  0.100674
3024  0.100672
3026  0.100918
3028  0.100555
3029  0.100767
3030  0.104767
3031  0.100874
3033  0.100939
3035  0.100643
3036  0.126032
3038  0.100910
3039  0.100672
3040  0.100754
3041  0.100945
3043  0.100843
3045  0.100853
3047  0.100782
3049  0.100784
3051  0.100531
3053  0.117056
3055  0.117119
3057  0.100615
3059  0.102219
3061  0.100727
3062  0.126787
3064  0.100771
3067  0.100903
3068  0.101080
3069  0.100817
3070  0.103006
3072  0.101105
3073  0.126513
3075  0.100880
3077  0.100794
3079  0.100765
3081  0.100689
3084  0.100746
3086  0.100817
3088  0.100885
3090  0.100882
3092  0.100740
3093  0.126793
3095  0.100801
3098  0.100965
3099  0.101109
3100  0.101122
3101  0.101225
3104  0.100431
3105  0.100798
3106  0.100775
3107  0.100893
3109  0.100626
3111  0.100578
3113  0.100777
3115  0.100740
3116  0.126884
3119  0.100586
3120  0.103720
3121  0.100695
3122  0.105213
3124  0.100746
3126  0.100735
3128  0.100645
3129  0.126080
3131  0.100729
3133  0.101065
3135  0.100504
3138  0.100918
3139  0.103064
3140  0.100836
3141  0.101088
3143  0.100477
3145  0.100779
3147  0.100548
3149  0.100431
3151  0.100796
3153  0.100880
3154  0.126673
3156  0.100988
3157  0.101124
3158  0.101152
3159  0.100800
3160  0.126217
3161  0.126360
3163  0.100513
3164  0.126795
3166  0.100849
3168  0.100899
3170  0.101009
3172  0.100946
3173  0.101118
3174  0.100838
3175  0.100967
3177  0.100872
3179  0.100689
3181  0.100594
3183  0.100622
3185  0.100683
3187  0.100847
3189  0.100925
3191  0.100742
3192  0.126780
3194  0.100761
3196  0.100756
3198  0.100805
3200  0.100908
3202  0.100685
3204  0.100662
3206  0.100777
3207  0.125900
3209  0.100616
3211  0.100719
3213  0.100750
3215  0.100883
3217  0.101093
3219  0.100790
3221  0.100704
3223  0.100704
3225  0.100670
3227  0.100765
3228  0.126118
3230  0.100903
3232  0.100760
3234  0.100761
3235  0.126469
3237  0.100714
3239  0.100855
3240  0.125790
3242  0.100618
3244  0.100595
3246  0.100630
3247  0.126829
3249  0.100798
3251  0.100801
3253  0.100788
3255  0.100595
3257  0.100765
3259  0.100805
3260  0.126644
3262  0.100710
3264  0.100832
3266  0.101152
3268  0.100676
3270  0.100779
3271  0.100912
3272  0.101000
3273  0.101013
3274  0.126104
3275  0.125942
3277  0.101074
3279  0.100891
3280  0.101126
3281  0.100863
3282  0.100962
3284  0.100798
3286  0.101351
3288  0.101267
3290  0.104004
3292  0.100912
3293  0.101147
3294  0.101051
3295  0.101080
3297  0.100874
3299  0.100716
3301  0.100765
3303  0.100721
3305  0.100597
3307  0.100834
3309  0.100847
3311  0.100904
3312  0.126781
3314  0.100689
3315  0.126190
3319  0.100857
3320  0.100756
3321  0.100861
3322  0.100874
3323  0.125895
3325  0.100565
3327  0.100878
3328  0.100883
3329  0.111982
3330  0.111990
3332  0.110037
3334  0.100636
3335  0.125940
3336  0.126507
3338  0.100687
3340  0.100893
3341  0.100958
3342  0.100813
3343  0.100918
3345  0.100811
3347  0.100803
3349  0.100880
3351  0.100889
3353  0.100824
3355  0.100710
3356  0.126852
3358  0.100702
3361  0.100843
3362  0.102921
3363  0.100929
3364  0.101082
3366  0.100885
3369  0.100534
3370  0.100975
3372  0.100887
3374  0.100771
3376  0.100807
3377  0.126072
3379  0.100988
3380  0.101164
3381  0.100729
3382  0.100834
3385  0.100716
3386  0.100838
3387  0.100723
3388  0.100801
3390  0.100775
3392  0.100788
3393  0.100941
3394  0.100805
3395  0.100830
3397  0.101124
3399  0.100801
3401  0.100899
3402  0.126617
3404  0.100649
3406  0.100838
3408  0.100702
3410  0.120279
3412  0.100632
3414  0.100874
3415  0.126261
3418  0.100914
3419  0.100748
3420  0.104221
3421  0.100704
3423  0.100658
3424  0.126566
3426  0.100725
3428  0.100523
3429  0.126928
3431  0.100807
3433  0.100876
3435  0.100592
3437  0.100805
3439  0.100790
3441  0.100794
3443  0.100500
3445  0.100735
3447  0.100782
3449  0.100765
3451  0.100666
3453  0.100708
3454  0.126154
3456  0.100658
3458  0.100794
3460  0.100597
3462  0.100777
3463  0.125971
3465  0.100668
3466  0.126545
3468  0.100752
3470  0.100695
3472  0.100626
3474  0.100786
3477  0.100519
3478  0.100830
3479  0.100605
3480  0.103195
3481  0.126087
3483  0.100851
3484  0.101076
3485  0.101227
3486  0.100811
3488  0.100666
3490  0.100868
3492  0.100851
3494  0.100763
3496  0.100794
3498  0.100580
3500  0.100773
3501  0.129911
3503  0.100740
3505  0.100817
3507  0.100815
3509  0.100601
3510  0.126884
3512  0.100773
3514  0.100794
3516  0.101198
3518  0.100807
3520  0.100441
3522  0.100767
3524  0.100746
3526  0.100859
3528  0.100460
3530  0.100998
3533  0.100571
3534  0.100962
3535  0.100983
3536  0.101093
3538  0.100634
3540  0.100687
3542  0.100842
3544  0.100698
3546  0.100601
3549  0.100792
3550  0.126835
3552  0.100794
3554  0.100721
3555  0.100737
3556  0.100679
3557  0.100775
3559  0.100605
3560  0.100708
3561  0.100872
3562  0.101027
3564  0.100897
3566  0.100801
3568  0.100622
3570  0.100813
3572  0.100554
3574  0.100729
3576  0.100868
3578  0.100960
3580  0.100689
3582  0.100628
3583  0.126627
3585  0.100719
3587  0.100895
3589  0.100929
3591  0.100691
3593  0.100937
3595  0.100878
3597  0.100809
3599  0.100796
3600  0.126526
3604  0.100735
3605  0.100883
3606  0.100838
3607  0.100885
3609  0.115843
3612  0.115833
3613  0.100645
3614  0.103285
3615  0.100870
3618  0.100658
3619  0.100893
3620  0.100906
3621  0.100798
3623  0.100731
3625  0.100456
3627  0.100765
3629  0.100882
3630  0.100492
3633  0.100830
3634  0.100655
3635  0.100842
3636  0.100763
3638  0.100550
3640  0.100433
3641  0.125891
3643  0.100655
3646  0.100716
3648  0.100531
3649  0.126339
3650  0.126646
3652  0.100807
3654  0.100752
3656  0.100554
3658  0.100788
3659  0.100826
3660  0.100901
3661  0.101110
3663  0.100569
3665  0.100420
3666  0.126942
3668  0.100527
3670  0.100788
3671  0.126570
3673  0.100790
3674  0.100986
3675  0.101086
3676  0.100832
3677  0.126242
3678  0.126125
3679  0.126678
3681  0.100599
3683  0.100801
3684  0.126535
3686  0.100554
3688  0.100580
3690  0.100866
3692  0.100754
3694  0.100740
3695  0.126232
3697  0.100943
3698  0.101166
3699  0.100809
3700  0.100824
3702  0.100784
3704  0.100958
3706  0.100969
3707  0.127151
3710  0.100651
3712  0.100821
3714  0.100977
3716  0.100773
3718  0.100819
3720  0.100719
3722  0.103859
3724  0.100750
3726  0.100689
3728  0.100811
3730  0.100716
3732  0.100803
3734  0.100731
3735  0.126173
3737  0.100838
3739  0.100601
3741  0.100832
3743  0.100807
3745  0.101221
3747  0.100941
3749  0.100563
3750  0.126644
3752  0.100716
3754  0.100719
3756  0.100801
3758  0.100746
3760  0.100565
3761  0.100767
3762  0.103529
3763  0.100784
3765  0.100756
3766  0.126036
3768  0.100475
3770  0.100582
3772  0.100565
3774  0.100788
3776  0.100828
3778  0.101112
3780  0.100956
3782  0.116194
3784  0.100794
3786  0.100866
3788  0.100794
3790  0.100811
3792  0.100824
3794  0.100876
3796  0.100742
3798  0.100609
3800  0.100840
3802  0.100754
3804  0.100834
3806  0.100891
3808  0.100876
3810  0.100960
3812  0.100721
3814  0.100731
3816  0.100769
3818  0.100849
3820  0.100901
3822  0.100870
3824  0.101006
3826  0.100731
3828  0.100790
3830  0.100691
3832  0.100767
3834  0.100754
3836  0.100801
3838  0.100767
3840  0.100752
3842  0.100876
3844  0.100847
3846  0.100937
3848  0.100740
3850  0.100887
3852  0.100958
3854  0.100933
3856  0.100838
3858  0.100891
3860  0.100794
3862  0.100937
3864  0.100653
3866  0.100775
3868  0.100817
3870  0.100847
3873  0.100666
3875  0.100904
3876  0.100733
3878  0.100664
3879  0.100689
3880  0.100798
3881  0.100763
3883  0.100830
3885  0.100851
3887  0.100880
3889  0.100874
3891  0.100887
3893  0.100540
3895  0.100712
3897  0.100874
3899  0.100927
3901  0.100756
3903  0.100872
3905  0.100950
3907  0.100742
3909  0.100780
3911  0.100712
3913  0.100834
3915  0.101057
3917  0.101040
3918  0.100780
3919  0.100819
3920  0.100739
3921  0.129404
3923  0.100573
3925  0.100937
3927  0.100788
3929  0.100807
3931  0.100859
3932  0.100960
3933  0.100952
3934  0.100796
3936  0.100864
3938  0.100870
3940  0.100742
3942  0.100752
3944  0.100693
3946  0.100750
3947  0.126747
3949  0.105003
3951  0.100418
3953  0.100525
3955  0.100746
3956  0.100891
3957  0.100784
3959  0.100706
3960  0.102224
3962  0.100863
3963  0.100899
3964  0.101065
3965  0.100939
3967  0.100647
3969  0.100870
3971  0.100773
3973  0.100786
3976  0.100735
3977  0.100821
3978  0.100828
3979  0.101021
3981  0.100634
3983  0.100687
3985  0.100756
3987  0.100790
3989  0.100813
3991  0.100794
3993  0.100676
3995  0.100843
3997  0.100859
3999  0.100885
4000  0.101017
4001  0.100657
4002  0.100702
4004  0.100800
4006  0.100658
4007  0.126043
4009  0.100695
4012  0.100876
4014  0.100843
4016  0.100899
4018  0.100670
4019  0.125731
4021  0.100689
4023  0.100872
4025  0.100813
4027  0.100914
4029  0.100868
4031  0.100775
4033  0.100756
4035  0.100815
4037  0.107969
4039  0.100760
4041  0.100832
4043  0.100952
4045  0.100767
4046  0.126415
4048  0.100813
4050  0.100897
4052  0.100782
4054  0.100836
4056  0.100588
4058  0.100632
4059  0.100662
4060  0.100653
4061  0.100658
4063  0.100777
4065  0.100580
4067  0.100672
4069  0.100861
4070  0.100719
4071  0.100693
4072  0.100756
4074  0.100706
4076  0.100773
4078  0.100798
4080  0.100777
4082  0.100773
4084  0.100733
4086  0.100822
4088  0.100843
4089  0.100977
4090  0.100958
4091  0.101040
4093  0.100739
4095  0.100605
4097  0.100754
4099  0.101261
4101  0.101223
4103  0.100624
4105  0.100876
4107  0.100765
4109  0.100849
4111  0.100880
4113  0.100782
4114  0.126480
4116  0.100842
4118  0.100723
4120  0.100714
4122  0.100737
4123  0.125622
4125  0.100952
4127  0.103815
4129  0.100918
4131  0.100882
4133  0.102287
4135  0.100931
4136  0.101070
4137  0.101200
4138  0.101130
4140  0.100502
4142  0.100725
4144  0.100746
4146  0.100409
4148  0.112837
4150  0.110769
4151  0.110861
4152  0.100681
4153  0.100885
4155  0.100927
4157  0.100569
4159  0.101248
4160  0.101440
4161  0.101442
4162  0.101448
4163  0.126316
4165  0.100525
4167  0.100658
4168  0.126141
4170  0.100540
4172  0.100464
4174  0.100803
4176  0.100407
4177  0.126074
4178  0.126526
4180  0.100790
4182  0.103487
4184  0.100788
4186  0.100563
4188  0.100864
4190  0.100830
4192  0.100657
4194  0.100491
4196  0.100815
4198  0.100689
4199  0.126507
4201  0.100718
4203  0.100742
4205  0.100542
4206  0.126612
4208  0.100569
4210  0.100657
4213  0.100897
4214  0.101133
4215  0.100870
4216  0.100765
4218  0.100506
4219  0.126238
4221  0.100685
4223  0.100836
4225  0.100410
4227  0.100780
4229  0.100794
4231  0.100803
4233  0.100592
4235  0.100639
4237  0.100477
4239  0.100885
4241  0.100817
4243  0.100677
4244  0.100792
4245  0.100853
4247  0.100573
4248  0.100679
4249  0.100801
4250  0.100531
4251  0.126019
4253  0.100698
4255  0.100937
4256  0.126852
4258  0.100582
4260  0.100559
4262  0.100910
4264  0.100542
4266  0.102531
4268  0.100824
4270  0.101292
4272  0.100662
4274  0.100826
4276  0.100628
4278  0.100956
4280  0.100775
4282  0.100565
4284  0.100603
4286  0.100737
4287  0.126760
4289  0.100487
4290  0.100645
4291  0.100903
4292  0.101116
4294  0.100969
4296  0.100855
4298  0.100447
4300  0.100786
4302  0.100706
4304  0.100946
4306  0.100885
4308  0.100569
4309  0.126587
4311  0.100769
4313  0.100769
4314  0.126572
4316  0.100826
4318  0.101049
4320  0.100498
4321  0.126423
4323  0.100590
4324  0.126411
4326  0.100677
4328  0.100918
4329  0.101128
4330  0.100838
4331  0.100986
4332  0.126305
4334  0.100624
4335  0.125832
4337  0.100491
4339  0.100510
4341  0.100693
4342  0.126186
4344  0.100590
4346  0.100811
4348  0.100544
4350  0.100594
4351  0.126438
4353  0.100800
4354  0.125999
4356  0.100948
4357  0.101044
4359  0.100777
4360  0.100834
4361  0.100708
4362  0.101627
4364  0.100872
4365  0.126213
4367  0.100704
4368  0.100716
4369  0.100773
4370  0.100895
4372  0.100811
4374  0.100571
4376  0.100948
4378  0.100639
4380  0.111164
4382  0.100830
4383  0.126911
4385  0.100853
4387  0.100609
4389  0.100880
4391  0.102818
4393  0.100822
4394  0.125969
4396  0.100731
4398  0.100586
4400  0.100586
4402  0.100574
4404  0.100838
4406  0.102722
4408  0.100716
4410  0.100636
4411  0.100811
4412  0.100780
4413  0.100819
4415  0.100639
4417  0.100857
4419  0.100605
4421  0.100788
4423  0.100704
4424  0.100765
4425  0.100922
4426  0.104534
4428  0.100761
4430  0.100754
4431  0.126278
4433  0.100830
4435  0.100819
4437  0.100731
4439  0.100941
4441  0.100552
4442  0.102291
4443  0.100761
4444  0.100746
4446  0.100742
4448  0.100559
4449  0.125896
4451  0.100647
4453  0.100502
4455  0.100559
4457  0.100758
4459  0.100525
4461  0.100590
4463  0.100399
4464  0.125916
4466  0.100918
4467  0.101059
4468  0.100571
4469  0.100700
4471  0.100758
4473  0.100388
4475  0.100899
4478  0.100639
4479  0.126320
4481  0.100681
4483  0.100510
4485  0.100746
4487  0.101280
4489  0.101463
4492  0.100689
4494  0.100727
4496  0.100758
4498  0.100811
4500  0.100845
4502  0.100742
4504  0.100739
4506  0.100689
4508  0.102936
4510  0.100803
4512  0.100842
4514  0.100754
4516  0.100796
4518  0.100803
4520  0.100586
4522  0.100754
4524  0.100780
4525  0.100800
4526  0.100842
4527  0.100765
4528  0.126034
4530  0.100960
4531  0.100903
4532  0.101028
4533  0.100567
4534  0.125881
4536  0.100742
4538  0.100945
4540  0.100830
4542  0.100647
4544  0.100769
4546  0.100719
4548  0.100868
4550  0.101048
4552  0.100899
4555  0.100761
4556  0.103020
4557  0.100819
4558  0.100697
4560  0.100765
4562  0.100811
4563  0.100960
4564  0.100803
4565  0.102821
4567  0.100811
4568  0.126778
4570  0.100777
4572  0.100624
4573  0.126835
4575  0.100731
4577  0.100830
4579  0.100796
4581  0.100899
4582  0.126770
4585  0.100792
4586  0.100967
4587  0.100777
4588  0.100822
4590  0.100815
4592  0.101978
4593  0.125996
4595  0.100735
4597  0.100765
4598  0.130711
4600  0.100716
4602  0.100788
4604  0.100800
4606  0.102852
4607  0.100910
4608  0.100941
4609  0.100761
4611  0.100727
4613  0.100754
4614  0.101353
4615  0.101509
4616  0.100636
4617  0.126671
4620  0.100780
4622  0.100971
4624  0.100475
4625  0.126293
4627  0.100822
4628  0.101036
4629  0.100803
4630  0.103264
4632  0.100536
4634  0.100750
4635  0.126900
4637  0.100704
4639  0.100414
4641  0.100864
4643  0.100815
4645  0.100845
4647  0.100620
4649  0.100723
4651  0.100822
4653  0.100765
4655  0.100601
4656  0.100864
4657  0.100883
4658  0.101006
4660  0.100834
4662  0.100773
4664  0.101185
4666  0.100750
4667  0.100891
4669  0.100796
4671  0.100868
4673  0.100945
4674  0.126911
4676  0.100792
4678  0.123535
4680  0.123760
4682  0.100758
4684  0.100819
4686  0.100880
4688  0.101017
4689  0.101158
4690  0.100639
4691  0.104160
4693  0.100536
4695  0.100697
4697  0.100883
4699  0.100739
4700  0.126751
4701  0.126610
4703  0.100857
4704  0.100887
4705  0.100994
4706  0.101028
4707  0.126328
4708  0.126003
4710  0.100853
4711  0.100769
4712  0.100784
4713  0.100822
4714  0.126179
4716  0.100929
4717  0.101048
4718  0.100796
4719  0.100780
4720  0.126202
4721  0.125973
4723  0.100677
4725  0.100674
4727  0.100880
4729  0.100929
4731  0.100769
4732  0.125957
4734  0.100750
4736  0.100784
4738  0.100899
4740  0.100864
4742  0.100853
4744  0.100933
4746  0.100639
4748  0.100765
4749  0.126026
4751  0.100708
4753  0.100796
4755  0.100861
4756  0.100792
4763  0.100777
4769  0.100769
4770  0.100822
4816  0.100891
4818  0.101017
4820  0.100792
4822  0.100666
4824  0.100731
4826  0.100620
4827  0.126606
4829  0.100674
4831  0.100803
4833  0.100822
4835  0.100876
4837  0.100876
4839  0.101067
4841  0.100739
4843  0.100784
4845  0.100838
4847  0.101658
4849  0.101807
4851  0.101643
4853  0.100933
4855  0.100830
4857  0.100830
4867  0.100780
4869  0.100815
4871  0.100792
4873  0.100761
4875  0.101261
4876  0.127010
4878  0.100773
4880  0.100784
4881  0.126862
4883  0.100624
4885  0.100605
4886  0.126575
4888  0.100662
4890  0.100864
4892  0.100903
4894  0.100830
4896  0.100994
4897  0.126030
4899  0.100758
4901  0.100761
4903  0.100716
4905  0.100742
4907  0.100685
4909  0.100628
4911  0.100815
4913  0.101028
4915  0.100983
4917  0.101017
4918  0.126942
4921  0.100555
4922  0.100796
4923  0.101002
4924  0.101051
4926  0.100716
4928  0.100754
4930  0.100765
4932  0.100800
4934  0.100899
4936  0.100853
4937  0.126839
4939  0.100620
4941  0.100796
4943  0.100796
4944  0.125904
4946  0.100716
4947  0.135319
4949  0.105110
4950  0.105263
4951  0.105156
4952  0.105061
4955  0.100723
4956  0.100842
4957  0.100948
4958  0.100803
4960  0.100891
4962  0.100788
4964  0.100742
4966  0.100792
4968  0.100739
4970  0.100739
4971  0.125992
4973  0.100647
4975  0.100700
4977  0.100739
4979  0.100521
4981  0.100651
4983  0.100758
4985  0.100739
4987  0.100849
4990  0.100937
4991  0.100731
4992  0.100761
4993  0.102127
4995  0.100754
4997  0.100826
4999  0.100964
5000  0.101231
5001  0.101040
5002  0.101147
5003  0.126789
5005  0.100616
5006  0.100750
5007  0.103180
5008  0.100788
5010  0.100945
5012  0.101311
5014  0.101261
5016  0.100735
5018  0.100929
5021  0.100857
5023  0.100857
5025  0.100777
5027  0.100727
5029  0.100739
5031  0.100788
5033  0.100742
5035  0.100792
5036  0.126446
5038  0.100853
5040  0.100765
5042  0.100803
5044  0.100937
5046  0.100922
5048  0.100761
5050  0.100842
5051  0.126102
5053  0.101009
5055  0.101006
5057  0.100960
5059  0.100891
5061  0.100853
5063  0.112507
5064  0.100906
5065  0.101086
5066  0.100895
5068  0.100887
5070  0.100903
5072  0.100914
5073  0.100773
5074  0.103840
5075  0.100903
5077  0.100693
5079  0.100681
5081  0.100750
5084  0.100559
5085  0.101063
5086  0.100792
5087  0.100605
5089  0.100975
5091  0.101109
5093  0.100674
5095  0.100704
5097  0.100666
5098  0.100883
5100  0.100700
5102  0.100613
5104  0.100826
5106  0.100891
5108  0.100925
5110  0.100838
5112  0.100609
5114  0.100815
5116  0.100777
5118  0.100876
5120  0.100857
5121  0.126682
5123  0.100826
5125  0.100693
5127  0.100834
5129  0.100880
5131  0.100880
5133  0.100964
5135  0.100677
5137  0.100655
5139  0.100811
5141  0.100849
5143  0.100845
5145  0.100880
5147  0.100777
5149  0.100765
5151  0.100788
5152  0.126682
5154  0.100700
5156  0.100754
5158  0.100773
5160  0.100780
5162  0.100544
5164  0.101192
5166  0.101250
5168  0.100719
5170  0.100830
5172  0.100731
5174  0.100800
5176  0.100750
5178  0.100845
5180  0.100677
5182  0.100761
5184  0.100792
5186  0.100685
5188  0.100929
5190  0.100883
5192  0.100891
5193  0.126720
5195  0.100899
5197  0.100643
5199  0.100704
5201  0.100746
5203  0.100853
5205  0.100918
5207  0.100937
5209  0.100929
5211  0.101051
5212  0.101070
5213  0.101112
5214  0.100822
5216  0.100868
5218  0.100906
5220  0.100735
5223  0.100803
5224  0.101151
5225  0.101158
5226  0.101284
5228  0.101234
5230  0.100677
5232  0.100578
5234  0.100597
5236  0.100792
5237  0.100891
5238  0.100899
5239  0.100975
5241  0.101009
5243  0.100883
5245  0.100876
5247  0.100739
5249  0.100773
5251  0.100811
5252  0.125916
5253  0.126785
5255  0.100803
5256  0.100990
5257  0.101044
5258  0.101158
5260  0.101101
5262  0.100845
5265  0.100582
5266  0.100807
5267  0.100872
5268  0.100830
5270  0.100529
5272  0.100468
5274  0.100487
5275  0.126244
5277  0.100655
5279  0.100811
5281  0.101025
5283  0.100998
5285  0.101032
5286  0.101143
5287  0.100914
5289  0.100719
5290  0.100750
5291  0.100697
5292  0.100552
5293  0.126026
5295  0.100800
5297  0.100891
5299  0.100777
5301  0.100960
5303  0.100746
5305  0.100876
5307  0.100899
5309  0.100906
5310  0.126392
5312  0.100792
5314  0.100697
5316  0.100788
5318  0.100811
5320  0.100739
5321  0.100845
5322  0.100811
5323  0.100735
5325  0.101364
5326  0.100811
5327  0.100903
5328  0.100971
5330  0.100941
5332  0.100830
5333  0.133041
5336  0.100601
5338  0.100559
5340  0.100677
5342  0.100716
5343  0.125603
5345  0.100719
5347  0.100769
5349  0.100800
5350  0.126652
5352  0.101330
5354  0.101345
5356  0.100830
5357  0.100990
5358  0.100632
5359  0.100693
5360  0.126194
5361  0.126411
5363  0.100708
5365  0.100662
5367  0.100727
5369  0.100494
5370  0.126095
5372  0.100529
5374  0.100445
5375  0.126099
5377  0.100880
5378  0.101048
5379  0.101093
5380  0.100567
5381  0.125980
5383  0.100811
5385  0.100796
5387  0.100666
5389  0.100555
5390  0.126347
5392  0.100739
5394  0.100700
5396  0.100883
5397  0.100632
5398  0.101044
5399  0.100819
5401  0.100471
5403  0.100487
5405  0.100731
5407  0.100674
5408  0.126129
5410  0.100662
5411  0.126640
5413  0.100807
5415  0.100616
5418  0.100845
5419  0.101692
5420  0.100777
5421  0.100914
5423  0.100689
5424  0.126083
5426  0.100788
5428  0.100750
5430  0.100655
5431  0.126789
5433  0.100655
5436  0.100716
5437  0.100910
5438  0.102150
5439  0.102669
5441  0.100430
5443  0.100887
5445  0.100754
5447  0.100723
5449  0.100891
5451  0.100822
5452  0.126919
5454  0.100784
5456  0.100834
5458  0.100739
5460  0.100807
5461  0.126175
5463  0.100834
5465  0.100685
5466  0.126617
5468  0.100792
5469  0.100819
5470  0.100933
5471  0.100967
5474  0.100735
5475  0.100887
5476  0.100819
5477  0.100788
5479  0.100819
5481  0.100807
5483  0.100842
5485  0.100761
5487  0.100750
5489  0.100754
5491  0.100769
5493  0.100842
5495  0.100861
5497  0.100628
5499  0.100872
5501  0.115074
5502  0.142487
5504  0.100456
5506  0.100739
5508  0.100750
5510  0.101017
5512  0.103722
5514  0.100750
5516  0.100826
5518  0.100636
5520  0.100582
5521  0.125908
5523  0.100491
5525  0.100723
5526  0.100708
5527  0.101177
5528  0.100769
5530  0.100555
5532  0.100540
5534  0.100819
5536  0.100597
5539  0.100933
5540  0.100994
5541  0.100883
5542  0.101032
5544  0.100769
5545  0.101097
5547  0.100838
5548  0.101059
5549  0.100979
5550  0.101013
5552  0.100750
5554  0.100853
5556  0.100613
5557  0.126663
5559  0.100609
5561  0.100876
5563  0.100754
5565  0.100647
5567  0.100735
5568  0.126034
5570  0.100830
5572  0.100780
5574  0.100643
5576  0.100742
5578  0.100933
5580  0.100986
5582  0.100700
5584  0.100609
5585  0.126797
5587  0.100742
5588  0.125980
5590  0.100765
5591  0.100861
5592  0.100994
5593  0.100742
5595  0.100681
5596  0.100861
5597  0.101021
5598  0.100746
5600  0.100849
5602  0.100552
5604  0.112911
5606  0.100853
5608  0.100883
5610  0.100567
5612  0.100761
5614  0.100964
5616  0.101105
5618  0.100780
5620  0.100708
5622  0.100731
5624  0.100849
5626  0.100826
5627  0.126411
5629  0.100563
5631  0.100563
5633  0.100864
5635  0.100559
5637  0.100948
5639  0.101006
5641  0.100700
5643  0.100777
5644  0.126049
5646  0.100613
5648  0.100998
5650  0.100838
5652  0.102306
5654  0.100750
5656  0.100685
5658  0.100742
5660  0.102650
5662  0.100719
5664  0.100742
5666  0.100590
5668  0.100731
5671  0.100803
5672  0.100849
5673  0.101978
5674  0.100582
5676  0.100693
5678  0.100784
5680  0.101685
5683  0.100548
5684  0.102871
5685  0.100788
5686  0.104279
5687  0.126999
5689  0.100819
5691  0.100609
5693  0.100464
5695  0.100460
5697  0.100677
5698  0.126579
5700  0.100723
5702  0.100750
5704  0.100876
5706  0.100548
5708  0.100601
5710  0.100807
5712  0.100719
5714  0.100670
5716  0.100727
5718  0.100780
5720  0.100571
5722  0.100559
5724  0.100719
5726  0.111683
5728  0.102833
5730  0.100777
5732  0.107910
5734  0.108780
5736  0.100677
5738  0.100758
5739  0.126534
5741  0.100777
5743  0.100773
5745  0.100891
5746  0.126049
5748  0.100742
5750  0.100483
5752  0.100521
5754  0.100677
5756  0.100750
5758  0.100628
5762  0.100777
5763  0.100735
5764  0.100739
5765  0.100784
5767  0.100483
5769  0.100552
5771  0.100727
5773  0.100842
5775  0.100956
5777  0.100761
5779  0.100658
5781  0.100899
5783  0.100925
5785  0.100746
5786  0.126129
5788  0.100521
5790  0.100742
5792  0.100807
5795  0.100590
5796  0.100811
5797  0.100861
5798  0.100769
5800  0.100792
5802  0.100800
5804  0.100857
5806  0.100838
5808  0.100788
5810  0.100616
5811  0.126362
5812  0.126156
5814  0.100826
5817  0.100468
5818  0.100746
5819  0.103561
5820  0.100704
5822  0.100708
5823  0.126228
5824  0.126122
5826  0.100513
5828  0.100506
5830  0.100712
5832  0.100475
5833  0.126869
5835  0.100819
5837  0.101192
5838  0.126892
5840  0.100731
5842  0.100655
5844  0.100391
5846  0.100891
5848  0.100677
5850  0.100834
5852  0.100746
5854  0.100502
5855  0.126472
5857  0.107479
5859  0.107338
5861  0.100754
5863  0.100933
5865  0.100697
5867  0.100765
5868  0.126366
5870  0.100761
5872  0.100792
5874  0.100792
5877  0.100628
5878  0.100693
5879  0.100727
5880  0.105370
5881  0.128048
5883  0.100677
5886  0.100868
5887  0.101200
5888  0.101189
5889  0.101269
5891  0.100704
5892  0.126717
5894  0.100746
5896  0.100765
5898  0.100967
5900  0.100815
5901  0.126431
5903  0.100731
5905  0.100777
5907  0.100945
5909  0.100903
5911  0.100941
5913  0.100761
5915  0.100666
5917  0.100716
5919  0.100807
5922  0.100876
5923  0.100929
5924  0.101028
5925  0.100842
5927  0.100842
5929  0.100624
5931  0.101006
5933  0.100906
5935  0.100903
5937  0.100761
5939  0.100811
5940  0.126663
5942  0.100895
5944  0.100739
5946  0.100739
5948  0.100822
5950  0.100925
5952  0.100677
5953  0.126755
5955  0.100780
5959  0.100826
5960  0.100979
5961  0.101273
5962  0.101402
5964  0.100769
5966  0.100849
5968  0.100876
5969  0.100872
5970  0.101109
5971  0.101208
5973  0.101078
5975  0.100842
5977  0.100819
5979  0.100731
5981  0.100677
5983  0.100681
5985  0.100697
5987  0.100739
5989  0.100739
5991  0.100777
5993  0.100792
5995  0.100758
5997  0.100750
5999  0.100777
6001  0.100502
6004  0.100464
6005  0.100620
6006  0.100616
6007  0.100815
6009  0.100700
6011  0.100842
6014  0.100555
6015  0.100727
6016  0.100861
6017  0.100681
6019  0.100597
6021  0.100811
6023  0.100727
6025  0.100803
6027  0.100662
6029  0.100643
6030  0.100643
6031  0.100784
6032  0.100769
6034  0.100903
6036  0.100845
6038  0.100830
6040  0.100700
6042  0.100712
6044  0.100521
6046  0.100819
6049  0.100796
6050  0.100746
6052  0.100822
6053  0.101009
6054  0.100716
6055  0.102394
6057  0.100555
6059  0.100910
6062  0.100792
6064  0.100651
6066  0.100681
6068  0.100803
6070  0.100777
6073  0.100876
6074  0.101044
6075  0.101105
6076  0.101242
6078  0.100765
6080  0.100723
6082  0.100624
6084  0.100876
6086  0.100788
6088  0.100773
6090  0.100895
6092  0.100998
6094  0.101040
6095  0.126904
6097  0.101002
6099  0.100792
6101  0.102745
6103  0.100887
6105  0.100830
6107  0.100937
6109  0.100876
6111  0.100822
6112  0.126884
6114  0.100712
6116  0.100765
6117  0.102592
6118  0.100647
6119  0.100780
6121  0.100739
6122  0.125988
6124  0.100754
6126  0.100754
6128  0.100555
6130  0.100658
6132  0.100739
613